#  A    R    N    D    C    Q    E    G    H    I    L    K    M    F    P    S    T    W    Y    V    B    Z    X    *
+02   +01   +01   -06   -02   +08   -07   -06   -06   -01   +06   +04   +01   +02   -01   -46   +18   +07   +04   -08   -01   +08   -01   -07
+01   +34   +01   -04   -05   +03   +02   +03   +01   +00   -07   -02   -09   +08   -07   +02   -04   -04   +02   +00   +00   +06   -07   -07
+01   +01   +46   +06   +05   +02   +04   -03   -05   -08   +08   +30   +04   +07   +08   +01   -02   -07   +04   +01   +01   +00   +07   -07
-06   -04   +06   +38   +00   +00   +02   -08   -09   +05   -09   +03   +06   +07   +09   -09   +10   +00   +06   +05   -02   +03   +04   -07
-02   -05   +05   +00   +30   +02   +01   +02   -02   +38   +00   -06   +03   -01   -07   +03   -04   +07   -03   -01   +08   +01   +03   -07
+08   +03   +02   +00   +02   -02   +10   +04   +05   +03   -03   +04   +06   -04   -09   +01   +14   +01   -07   +14   +02   +04   +00   -07
-07   +02   +04   +02   +01   +10   +06   +05   +09   +00   -01   -04   +03   +05   +03   +14   -06   +06   +06   +18   -08   +05   +03   -07
-06   +03   -03   -08   +02   +04   +05   +14   +02   -07   -08   +02   -04   +09   +03   -04   +05   -09   +05   -02   +08   -05   +09   -07
-06   +01   -05   -09   -02   +05   +09   +02   +07   +05   -04   -08   -04   +03   +08   +00   +01   -07   -01   +00   +01   +01   +01   -07
-01   +00   -08   +05   +38   +03   +00   -07   +05   +30   -02   +03   +26   -01   +07   -08   -06   -07   +02   +14   -07   -04   -03   -07
+06   -07   +08   -09   +00   -03   -01   -08   -04   -02   +14   -07   +04   -01   -07   +02   +02   +06   +04   +00   -09   -04   +00   -07
+04   -02   +30   +03   -06   +04   -04   +02   -08   +03   -07   -04   -09   +01   -02   +01   +06   +08   +46   +07   +09   -05   +06   -07
+01   -09   +04   +06   +03   +06   +03   -04   -04   +26   +04   -09   +34   -01   +00   +08   +02   -07   +03   -02   -05   -07   -01   -07
+02   +08   +07   +07   -01   -04   +05   +09   +03   -01   -01   +01   -01   +02   +03   +04   -01   +09   +38   +42   -05   +07   +01   -07
-01   -07   +08   +09   -07   -09   +03   +03   +08   +07   -07   -02   +00   +03   +42   +14   +09   +00   +04   +05   +07   -03   +00   -07
-46   +02   +01   -09   +03   +01   +14   -04   +00   -08   +02   +01   +08   +04   +14   +02   -07   +08   -07   +04   +06   +04   -05   -07
+18   -04   -02   +10   -04   +14   -06   +05   +01   -06   +02   +06   +02   -01   +09   -07   +02   +00   +02   +26   -06   -08   -06   -07
+07   -04   -07   +00   +07   +01   +06   -09   -07   -07   +06   +08   -07   +09   +00   +08   +00   +06   -01   -01   -06   +04   -07   -07
+04   +02   +04   +06   -03   -07   +06   +05   -01   +02   +04   +46   +03   +38   +04   -07   +02   -01   -02   +00   -09   +00   +06   -07
-08   +00   +01   +05   -01   +14   +18   -02   +00   +14   +00   +07   -02   +42   +05   +04   +26   -01   +00   +06   +09   +06   +05   -07
-01   +00   +01   -02   +08   +02   -08   +08   +01   -07   -09   +09   -05   -05   +07   +06   -06   -06   -09   +09   -07   -08   +07   -07
+08   +06   +00   +03   +01   +04   +05   -05   +01   -04   -04   -05   -07   +07   -03   +04   -08   +04   +00   +06   -08   +04   +01   -07
-01   -07   +07   +04   +03   +00   +03   +09   +01   -03   +00   +06   -01   +01   +00   -05   -06   -07   +06   +05   +07   +01   +08   -07
-07   -07   -07   -07   -07   -07   -07   -07   -07   -07   -07   -07   -07   -07   -07   -07   -07   -07   -07   -07   -07   -07   -07   -03
