#  A    R    N    D    C    Q    E    G    H    I    L    K    M    F    P    S    T    W    Y    V    B    Z    X    *
+04   -01   -02   -02   +00   -01   -01   +00   -02   -01   -01   -01   -01   -02   -01   +01   +22   -03   -02   +00   -02   -01   +00   +02
-01   +05   -10   -02   +38   +01   +00   -02   +00   -03   -02   +02   +46   -03   -02   -01   -01   +06   -02   -03   -01   +00   -01   -04
-02   -10   +06   +02   -03   +00   +00   +00   +01   -03   -03   +00   +30   -03   -02   +01   +00   -04   +10   -03   +03   +00   -01   -04
-02   -02   +02   +06   -03   +02   +02   -01   -01   -03   -04   -01   -03   +14   -01   +00   +06   -04   -03   -06   +04   +01   -01   -04
+00   +38   -03   -03   +09   -03   +42   -03   -03   -01   -01   -03   -01   -02   -03   -01   -01   -02   -02   +26   -03   -03   -02   -04
-01   +01   +00   +02   -03   +05   +10   -02   +00   -03   -02   +01   +00   +26   -01   +00   -01   -02   -01   -02   +00   +03   -01   -04
-01   +00   +00   +02   +42   +10   +05   -02   +00   -03   -03   +01   -02   -03   -01   +00   -01   -03   +06   +18   +01   +04   -01   -04
+00   -02   +00   -01   -03   -02   -02   +06   -02   -04   -04   -02   -03   -03   -02   +00   -02   -02   -03   -03   -01   -02   -01   -04
-02   +00   +01   -01   -03   +00   +00   -02   -22   -03   -03   -01   -02   +46   -02   -01   -02   -02   +02   -03   +00   +00   -01   -04
-01   -03   -03   -03   -01   -03   -03   -04   -03   +04   +02   -03   +01   +00   +06   -02   -01   -03   -01   +03   -03   -03   -01   -04
-01   -02   -03   -04   -01   -02   -03   -04   -03   +02   +04   -02   +02   +00   -03   -02   -01   +46   -01   +01   -04   -03   -01   -04
-01   +02   +00   -01   -03   +01   +01   -02   -01   -03   -02   +05   -01   -03   -01   -10   -01   -03   -02   -02   +00   +01   -01   -04
-01   +46   +30   -03   -01   +00   -02   -03   -02   +01   +02   -01   +05   +00   -02   -01   -01   -01   -01   +01   -03   -01   -01   -04
-02   -03   -03   +14   -02   +26   -03   -03   +46   +00   +00   -03   +00   +06   -04   -02   -02   +01   +06   -01   -03   -03   -01   -04
-01   -02   -02   -01   -03   -01   -01   -02   -02   +06   -03   -01   -02   -04   +07   -01   -01   -04   -03   -02   -02   -01   -02   -04
+01   -01   +01   +00   -01   +00   +00   +00   -01   -02   -02   -10   -01   -02   -01   +04   +01   -03   -02   -02   +00   +00   +00   -04
+22   -01   +00   +06   -01   -01   -01   -02   -02   -01   -01   -01   -01   -02   -01   +01   +05   -02   -02   +00   -01   -01   +00   -04
-03   +06   -04   -04   -02   -02   -03   -02   -02   -03   +46   -03   -01   +01   -04   -03   -02   +11   +02   -03   -04   -03   -02   -04
-02   -02   +10   -03   -02   -01   +06   -03   +02   -01   -01   -02   -01   +06   -03   -02   -02   +02   +07   -01   -03   -02   -01   -04
+00   -03   -03   -06   +26   -02   +18   -03   -03   +03   +01   -02   +01   -01   -02   -02   +00   -03   -01   +06   -03   -02   -01   -04
-02   -01   +03   +04   -03   +00   +01   -01   +00   -03   -04   +00   -03   -03   -02   +00   -01   -04   -03   -03   +04   +01   -01   -04
-01   +00   +00   +01   -03   +03   +04   -02   +00   -03   -03   +01   -01   -03   -01   +00   -01   -03   -02   -02   +01   +04   -01   -04
+00   -01   -01   -01   -02   -01   -01   -01   -01   -01   -01   -01   -01   -01   -02   +00   +00   -02   -01   -01   -01   -01   -01   -04
+02   -04   -04   -04   -04   -04   -04   -04   -04   -04   -04   -04   -04   -04   -04   -04   -04   -04   -04   -04   -04   -04   -04   -03
