#  A    R    N    D    C    Q    E    G    H    I    L    K    M    F    P    S    T    W    Y    V    B    Z    X    *
-14   +01   +01   -06   -02   +08   -07   +14   -06   -01   -01   +04   +01   +02   -01   -08   +07   +07   +04   -08   -01   +08   -01   +26
+01   -01   +01   -04   -05   +03   +02   +03   +01   +00   -07   -02   -09   +08   -07   +02   -04   -04   +02   +00   +00   +06   -07   +08
+01   +01   +46   +01   +05   +02   +04   -03   -05   -08   +08   +09   +42   +07   +08   +01   -02   -07   +04   +01   +01   +00   +07   +00
-06   -04   +01   +06   +00   +00   +00   -08   -09   +05   -09   +03   +06   +30   +09   -09   +04   +00   +06   +05   -02   +03   +04   +00
-02   -05   +05   +00   +02   +02   +01   +02   -02   +02   +00   -06   +30   -01   -07   +03   -04   +07   -03   -01   +08   +01   +03   +09
+08   +03   +02   +00   +02   +06   -04   +04   +05   +03   -03   +04   +06   +38   -09   +01   +18   +01   -07   +04   +02   +04   +00   -07
-07   +02   +04   +00   +01   -04   +22   +05   +38   +00   -01   -04   +03   +05   +03   +06   -06   +06   +34   -01   -08   +05   +03   -09
+14   +03   -03   -08   +02   +04   +05   +02   +02   -07   -08   +02   -04   +09   +03   -02   +05   -09   +05   -02   +08   -05   +09   -07
-06   +01   -05   -09   -02   +05   +38   +02   +07   +05   -04   -08   -04   +34   +08   +00   +01   -07   -01   +00   +01   +01   +01   -04
-01   +00   -08   +05   +02   +03   +00   -07   +05   -01   +08   +03   +05   -01   +07   -08   -06   -07   +02   -01   -07   -04   -03   -09
-01   -07   +08   -09   +00   -03   -01   -08   -04   +08   -06   -07   +04   -01   -07   +02   +02   +06   +04   +00   -09   -04   +00   -06
+04   -02   +09   +03   -06   +04   -04   +02   -08   +03   -07   -04   -09   +01   -02   +01   +06   +08   -06   +07   +09   -05   +06   +09
+01   -09   +42   +06   +30   +06   +03   -04   -04   +05   +04   -09   +06   -01   +00   +08   +02   -07   +03   -02   -05   -07   -01   -03
+02   +08   +07   +30   -01   +38   +05   +09   +34   -01   -01   +01   -01   -03   +03   +04   -01   +09   +18   +08   -05   +07   +01   -03
-01   -07   +08   +09   -07   -09   +03   +03   +08   +07   -07   -02   +00   +03   +34   +01   +09   +00   +04   +05   +07   -03   +00   -06
-08   +02   +01   -09   +03   +01   +06   -02   +00   -08   +02   +01   +08   +04   +01   +02   -07   +08   -07   +04   +06   +04   -05   +08
+07   -04   -02   +04   -04   +18   -06   +05   +01   -06   +02   +06   +02   -01   +09   -07   +00   +00   +02   -07   -06   -08   -06   -01
+07   -04   -07   +00   +07   +01   +06   -09   -07   -07   +06   +08   -07   +09   +00   +08   +00   +06   -01   -01   -06   +04   -07   +07
+04   +02   +04   +06   -03   -07   +34   +05   -01   +02   +04   -06   +03   +18   +04   -07   +02   -01   -02   +00   -09   +00   +06   +03
-08   +00   +01   +05   -01   +04   -01   -02   +00   -01   +00   +07   -02   +08   +05   +04   -07   -01   +00   +10   +09   +06   +05   -08
-01   +00   +01   -02   +08   +02   -08   +08   +01   -07   -09   +09   -05   -05   +07   +06   -06   -06   -09   +09   -07   -08   +07   -07
+08   +06   +00   +03   +01   +04   +05   -05   +01   -04   -04   -05   -07   +07   -03   +04   -08   +04   +00   +06   -08   +04   +01   -08
-01   -07   +07   +04   +03   +00   +03   +09   +01   -03   +00   +06   -01   +01   +00   -05   -06   -07   +06   +05   +07   +01   +08   -04
+26   +08   +00   +00   +09   -07   -09   -07   -04   -09   -06   +09   -03   -03   -06   +08   -01   +07   +03   -08   -07   -08   -04   +30
